0.666067 23.4606 -13.2278 
0.821473 23.6777 -13.2712 
0.574758 23.2642 -13.0298 
1.32777 23.3367 -12.374 
1.58868 23.0619 -11.981 
0.95341 22.747 -12.0804 
0.655689 22.9219 -12.4622 
1.4349 22.8361 -11.7916 
1.8392 23.3275 -13.4877 
1.85583 23.3113 -13.4689 
2.06851 22.1358 -14.5745 
2.67963 22.3259 -12.6886 
2.50952 21.4039 -13.2246 
10.4863 27.0256 0.916429 
10.5085 26.3576 1.12157 
10.5075 25.5109 0.843375 
10.6717 27.7063 0.661861 
10.5404 25.6856 1.33395 
3.59325 15.8536 -10.5685 
3.93172 15.2515 -9.97482 
2.67935 15.1211 -11.3383 
2.31228 15.5988 -11.2077 
2.30617 15.6086 -11.2055 
6.80879 27.7572 -10.0088 
6.25805 28.043 -10.515 
7.10219 27.8973 -9.84245 
5.49427 28.4394 -11.217 
5.50278 28.3936 -11.3543 
5.51538 28.3259 -11.5575 
2.5973 27.3065 -11.3032 
2.66563 27.2589 -11.2554 
2.19761 27.0337 -11.0946 
2.15763 27.0395 -11.1384 
2.19209 26.7861 -11.0676 
2.22657 26.802 -11.0257 
2.82823 26.7796 -11.1865 
2.7903 26.7156 -11.2192 
3.26463 27.8423 -11.9327 
3.29827 27.7831 -11.916 
3.31385 26.6572 -11.4162 
3.29581 26.6092 -11.4452 
4.42709 28.0634 -11.8572 
4.42428 27.9762 -11.854 
4.04223 26.4255 -11.5541 
4.04045 26.3619 -11.5777 
5.32635 27.9419 -11.6294 
5.30959 27.8708 -11.6633 
4.6928 26.3468 -11.3891 
4.67869 26.4083 -11.3748 
5.36242 26.5413 -11.1635 
5.39707 26.4823 -11.1663 
6.28359 27.3749 -10.3084 
6.21152 27.35 -10.3333 
5.95812 27.5767 -10.8821 
6.00701 27.6076 -10.8516 
6.38282 27.1195 -10.2184 
6.29153 27.1415 -10.303 
6.31228 27.2145 -10.2199 
6.39754 27.1993 -10.1525 
0.449334 28.0677 -13.1519 
0.720196 28.0137 -13.0442 
0.648837 27.1549 -12.8934 
0.446961 27.1545 -13.0592 
0.413816 26.5568 -13.241 
0.699794 26.5136 -13.0761 
0.742778 25.5834 -13.5512 
0.520589 25.5785 -13.8796 
0.557172 28.2862 -13.3347 
0.820553 28.217 -13.3441 
1.85188 28.2953 -13.0974 
2.66889 28.577 -13.1308 
1.72528 27.8074 -12.6873 
1.22025 27.8337 -12.8245 
1.41131 27.2056 -12.4073 
1.06132 27.1893 -12.6702 
1.41916 26.5117 -12.2809 
1.10151 26.5126 -12.7156 
1.73798 25.7909 -12.1654 
1.06793 25.5683 -13.1 
0.954508 22.169 -16.049 
0.635569 23.4112 -15.6198 
0.99574 23.3119 -15.2905 
1.11311 22.1697 -15.7516 
0.654365 21.2251 -15.1031 
0.549497 21.0487 -14.7503 
0.28104 20.8331 -15.0927 
0.48616 21.1132 -15.4594 
0.924776 21.5693 -15.2086 
0.898587 21.4752 -15.5903 
1.52475 21.4984 -14.7036 
1.6252 21.6754 -14.904 
1.75241 21.3381 -13.5289 
2.03744 21.3566 -13.3595 
1.57397 21.133 -13.1013 
1.6137 20.8039 -13.1335 
1.07905 20.9159 -13.3112 
1.0751 20.6155 -13.3738 
0.483166 20.9364 -13.9955 
0.330213 20.5601 -14.0392 
0 20.7114 -15.0772 
0 21.0838 -15.7821 
0.82747 21.4612 -15.747 
0 20.4848 -14.1186 
2.17686 20.9756 -12.725 
0.544098 24.6766 -14.6086 
0.808318 24.584 -14.0647 
7.37866 28.203 -9.36327 
5.88569 28.9153 -11.4143 
4.45875 28.3816 -12.2052 
4.53349 28.8856 -12.5288 
3.0403 28.0527 -12.3819 
2.84448 28.3479 -12.6916 
2.23145 27.5798 -12.0661 
2.04153 27.6998 -12.3936 
1.81039 27.0946 -11.7819 
1.67693 27.1531 -12.0436 
1.8307 26.661 -11.7267 
1.69067 26.5823 -11.9509 
2.02785 26.1588 -11.6996 
1.94849 25.994 -11.8285 
2.93636 24.8716 -11.3323 
2.6447 24.6329 -11.714 
3.99241 24.1902 -10.9611 
3.89307 23.7263 -11.1113 
5.1695 24.1778 -10.5858 
6.1851 24.5765 -10.1224 
6.45996 23.7502 -9.97689 
5.20794 23.3468 -10.7341 
7.54496 26.1392 -9.58209 
7.77412 25.6762 -9.19597 
7.52031 26.9326 -9.37084 
7.94111 26.8588 -9.00324 
6.57769 27.5959 -10.234 
6.23783 27.8424 -10.6806 
5.4694 28.2214 -11.4287 
4.45105 28.3585 -11.8505 
4.45521 28.5072 -11.8178 
3.08273 28.0296 -12.0016 
3.05978 28.1783 -11.9827 
2.41279 27.4334 -11.5653 
2.29588 27.5537 -11.7821 
1.9938 27.0884 -11.3299 
1.89423 27.0969 -11.5775 
2.01605 26.7096 -11.2747 
1.91542 26.6952 -11.4874 
2.52558 26.3463 -11.3511 
2.33475 26.2209 -11.5466 
3.14185 26.1995 -11.4567 
3.06374 25.5843 -11.4851 
4.02532 25.9111 -11.3593 
4.08428 25.3913 -11.2795 
4.80803 25.9126 -11.0941 
5.69288 26.0709 -10.7699 
5.80266 25.5905 -10.5299 
5.12207 25.3412 -10.87 
6.71526 26.9399 -9.96894 
7.06137 26.6875 -9.80239 
6.77795 27.117 -9.91208 
7.09659 27.0289 -9.6546 
6.39025 27.5008 -10.2991 
6.07713 27.7376 -10.7731 
5.35037 28.0484 -11.5215 
4.43111 28.136 -11.8683 
3.17751 27.9585 -11.9419 
2.49932 27.375 -11.3717 
2.10029 27.0477 -11.2012 
2.14264 26.7633 -11.1277 
2.7359 26.6238 -11.266 
3.26995 26.5404 -11.4869 
4.03791 26.2707 -11.6116 
4.71304 26.2585 -11.4097 
5.44676 26.3978 -11.1703 
6.51374 27.0881 -10.0971 
6.51979 27.1775 -10.056 
2.36527 27.0347 -10.882 
2.38915 26.8285 -10.8185 
3.42798 26.9671 -10.967 
3.34096 27.2578 -11.0109 
3.76753 26.917 -11.1214 
3.77452 27.6192 -11.4345 
4.16926 26.7803 -11.1933 
4.42899 27.7441 -11.3566 
4.57939 26.7642 -11.0724 
5.00177 26.8479 -10.9361 
4.95095 27.6729 -11.2512 
5.52448 27.1908 -10.4493 
5.54631 27.2242 -10.3862 
5.47364 27.2916 -10.4721 
5.33948 27.4664 -10.785 
2.79892 21.4007 -12.1878 
1.99677 20.81 -12.5378 
2.10824 20.6951 -12.5227 
2.63747 22.4992 -11.6827 
2.59094 22.4061 -12.0371 
2.70405 21.3476 -11.8218 
2.76161 21.2571 -11.7453 
1.3559 24.4932 -13.3189 
1.87273 20.2829 -12.6694 
1.2137 19.9933 -13.3512 
0.658296 19.9419 -13.7109 
0 19.8755 -13.642 
2.19139 20.5148 -11.9667 
3.32917 20.8818 -11.3333 
0 18.6134 -13.8054 
0.924832 18.7136 -13.7842 
1.02119 18.4675 -13.8246 
0 18.2766 -13.8291 
1.71773 18.4324 -13.3885 
1.7679 18.1976 -13.4458 
2.63999 18.3488 -12.6546 
2.65538 17.99 -12.6448 
3.32071 18.2763 -11.919 
3.2325 17.9244 -11.8922 
3.92178 18.0144 -11.27 
3.6211 17.8864 -11.3502 
1.57515 17.9445 -13.1025 
2.63271 17.807 -12.4545 
2.60196 17.7334 -12.1965 
1.31371 17.7845 -12.6369 
0.891178 17.9954 -13.4354 
0.714854 17.8067 -12.9074 
0 17.8096 -13.3718 
0 17.6278 -12.7514 
3.15535 17.712 -11.8072 
3.06879 17.6824 -11.692 
3.4043 17.719 -11.3458 
3.2367 17.6608 -11.3398 
0.574758 21.6619 -14.1823 
0.655689 21.3196 -13.6147 
0.95341 21.1447 -13.2329 
1.4349 21.2337 -12.9441 
1.58868 21.4595 -13.1336 
1.68689 21.7344 -13.5266 
0.821473 22.0754 -14.4238 
0.666067 21.8583 -14.3804 
3.02012 19.174 -11.9327 
4.40931 18.3208 -10.8854 
2.36794 19.3405 -12.6598 
1.47826 19.4261 -13.3698 
0.713643 19.4541 -13.7515 
0 19.2568 -13.7221 
1.32959 17.8039 -12.5192 
2.40444 17.8174 -12.1244 
2.44648 17.6491 -12.1998 
1.45446 17.6316 -12.7002 
0.749492 17.8356 -12.7873 
0.907634 17.5879 -12.9793 
0 17.7525 -12.8223 
0 17.499 -13.0836 
2.84276 17.7243 -11.7091 
2.88003 17.6115 -11.7298 
3.21418 17.6824 -11.4058 
3.33643 17.5139 -11.2939 
3.25468 17.6754 -11.3313 
3.49247 17.6301 -11.2653 
1.54653 17.0591 -12.8337 
2.40559 17.2565 -12.2553 
2.3526 17.0239 -12.2252 
1.55104 16.7343 -12.6161 
1.02423 17.005 -13.1209 
0.918449 16.4346 -12.957 
0 16.9119 -13.2763 
0 16.3108 -13.0987 
3.00414 17.3595 -11.745 
2.9468 17.1925 -11.6431 
3.50649 17.3363 -11.2115 
3.77994 17.1747 -11.0702 
3.74772 17.5938 -11.2109 
4.03607 17.58 -11.1017 
6.76103 22.6317 -9.73744 
7.97957 25.2862 -8.84962 
8.13374 23.2399 -7.50988 
6.66929 21.7404 -9.42054 
4.53718 21.4541 -10.9142 
5.1676 22.5158 -10.6843 
2.36274 24.6074 -11.9389 
3.85386 23.4899 -11.2054 
3.21997 22.3448 -11.2684 
3.01764 21.8646 -11.4789 
4.02029 21.0785 -11.046 
0 16.0617 -12.3863 
0.978324 15.996 -12.2417 
1.69072 15.9227 -11.9038 
4.68882 17.6222 -10.6103 
4.42835 16.9372 -10.5807 
0 15.787 -12.3985 
0 15.9086 -12.2202 
1.01387 15.8369 -12.033 
1.04729 15.7439 -12.1698 
1.75794 15.7521 -11.6511 
1.84876 15.632 -11.7132 
4.99956 16.6581 -10.0173 
5.18024 17.6632 -10.0715 
6.41504 18.1249 -7.50893 
6.34709 15.8787 -6.98766 
5.4018 16.4541 -9.43915 
5.51948 17.7853 -9.43692 
5.31527 14.3217 -8.13988 
4.19921 14.9437 -9.65903 
3.96395 13.3284 -9.79397 
2.97426 14.4731 -11.1495 
2.64869 12.5821 -11.2117 
1.97366 14.133 -12.1906 
1.44348 12.2374 -11.7731 
1.10179 14.1848 -12.7288 
0 12.1011 -11.9091 
0 14.1611 -13.024 
7.10208 18.7974 -6.12165 
6.9863 15.661 -5.18134 
5.51076 13.7337 -5.65202 
4.17286 13.0892 -8.63362 
3.01165 12.3934 -8.92248 
1.64849 11.7835 -9.22003 
0 11.6827 -9.45319 
4.7694 19.0485 -10.4809 
5.23244 19.5186 -10.0261 
6.66754 20.7154 -8.81027 
7.73794 21.4693 -7.07516 
4.8555 29.987 -13.0269 
4.60051 29.3374 -12.8691 
3.08051 29.5578 -13.4322 
6.64305 30.1099 -11.1496 
6.21773 29.4437 -11.4114 
8.08091 29.0509 -8.59181 
7.62657 28.5776 -9.10924 
8.31842 26.7926 -8.52716 
8.89601 26.7273 -6.93927 
2.08481 29.29 -13.5964 
0.997394 29.1917 -13.5755 
8.30699 39.5254 -3.89282 
7.01667 35.4361 -9.34319 
5.40936 36.5605 -9.94215 
6.71962 40.9392 -4.81736 
9.68374 36.2634 -2.3227 
8.88928 33.9921 -6.96262 
9.88991 34.8309 -1.53314 
9.2831 32.7144 -5.33697 
3.84488 37.1728 -10.4162 
4.4471 42.177 -5.49436 
2.3177 37.5188 -10.94 
2.20676 42.8175 -6.21081 
9.95572 25.772 -1.39732 
9.61999 25.0021 -2.80579 
9.33938 27.3558 -3.80851 
10.1536 27.8625 -0.863369 
8.79006 31.1537 -6.95118 
7.02815 31.8131 -9.65486 
5.08895 33.1374 -11.2346 
3.71787 33.4118 -12.0966 
2.64501 33.5472 -12.331 
1.52213 33.672 -12.4347 
8.29779 19.904 1.33847 
7.45378 16.9538 -0.244095 
9.02095 18.3179 -1.00836 
9.53694 19.8085 0.511741 
8.90801 20.5141 -1.75912 
9.35979 21.6757 -0.162913 
9.25978 23.2049 -0.869099 
9.24632 22.7782 -2.18259 
5.9765 14.7052 -3.22899 
7.7331 16.2323 -3.39401 
8.22593 19.5385 -3.75583 
8.43453 22.2573 -4.47796 
8.71726 24.024 -5.44026 
9.13107 27.0978 -5.31565 
8.43266 29.7258 -7.68461 
6.6756 30.8564 -10.3934 
4.70657 31.4371 -12.4422 
3.3403 31.7103 -12.8454 
2.31876 31.8421 -13.1618 
1.2954 31.716 -13.236 
6.29422 27.2468 -10.1976 
5.54752 27.2493 -10.3759 
6.39403 27.2304 -10.136 
6.53719 27.2069 -10.0476 
6.7841 27.1474 -9.90625 
3.04951 28.1121 -12.1932 
4.45648 28.4622 -11.9567 
10.1934 25.6635 -0.822968 
10.3062 27.7833 0.0833988 
9.5361 22.153 0.232001 
9.53852 23.4571 -0.294172 
11.3601 28.9466 0.752089 
10.9417 29.232 0.68186 
11.859 29.7614 2.95444 
12.5149 29.4646 2.67754 
12.3738 27.5507 4.92843 
13.3337 27.4035 4.38828 
12.5375 25.3705 4.25574 
11.9692 25.3926 4.75092 
11.581 23.5055 4.08631 
12.0812 23.712 3.66079 
9.86788 21.2986 2.07978 
10.537 21.1804 2.09985 
9.26425 21.1579 0.451277 
9.82981 21.0858 0.675524 
10.2787 25.577 -0.166868 
10.5673 27.7239 0.473527 
11.2585 28.731 0.954748 
9.73895 22.7535 0.314135 
9.7412 23.7147 0.123525 
10.346 21.8765 0.803523 
12.4281 28.8088 2.64083 
12.951 26.8905 3.83219 
12.2618 25.3775 3.86653 
11.8407 23.8381 3.35887 
10.8307 21.9343 2.07806 
11.2383 28.6175 1.02355 
9.85865 23.202 0.439744 
10.065 23.7748 0.30123 
10.5372 22.8779 1.07527 
11.8341 29.0476 2.77142 
11.9974 26.9867 3.95415 
11.736 25.4597 3.96701 
11.4006 24.1719 3.30195 
10.9676 22.8677 2.04949 
11.036 28.3719 1.07519 
11.3784 28.6675 2.70164 
11.5168 26.8311 4.14747 
11.4891 25.3797 3.80195 
10.3807 25.253 2.01846 
10.4648 25.3392 2.16428 
10.2785 27.1177 1.34377 
10.98 27.6447 1.24475 
11.6271 28.2237 2.73695 
11.2237 27.0641 2.55206 
11.7371 26.8907 3.76692 
11.5819 26.5107 2.99087 
11.0178 25.3644 3.36949 
11.6663 25.3758 3.50927 
11.206 24.384 3.14347 
10.453 24.5447 3.04838 
10.3551 23.8407 2.20623 
10.6328 23.6554 2.22408 
10.3547 23.5222 1.15449 
10.1025 23.7833 1.26403 
10.2417 24.2885 0.757222 
10.3308 24.638 0.86636 
10.9737 27.2453 2.32464 
10.1881 25.5189 2.23159 
10.2192 26.2585 1.4895 
10.0513 26.8371 1.65567 
11.0538 26.4554 2.69026 
10.694 25.598 3.09628 
9.48368 24.3721 0.861687 
9.37815 23.8984 1.23937 
9.77472 23.5818 0.619814 
9.7841 24.0183 0.514251 
9.55152 24.6343 0.944555 
10.0027 25.3133 0.9268 
10.0276 25.4781 1.2975 
9.56199 24.6709 1.39153 
10.1429 25.1443 1.79621 
9.99393 24.5872 1.7655 
10.1237 23.9396 1.93766 
10.0794 24.5349 2.5648 
0 11.7824 -7.29293 
1.89264 11.861 -7.06491 
3.90126 12.4817 -6.44012 
0 11.9485 -5.61084 
2.08646 11.9985 -5.342 
4.60145 12.9895 -4.35696 
10.7386 27.2249 4.32219 
10.7592 28.2848 3.13814 
9.6049 22.7276 2.20634 
10.3405 24.1778 3.84969 
10.476 25.4149 4.36063 
10.5403 27.9486 1.47634 
9.53304 21.9481 1.01686 
10.5015 29.6046 2.99376 
10.3193 29.1362 0.44633 
6.26855 27.2677 -10.2269 
5.51045 27.279 -10.409 
6.35914 27.2551 -10.1662 
6.48907 27.2371 -10.0791 
6.75246 27.1884 -9.93707 
6.4138 27.2475 -10.1295 
6.35026 27.4816 -10.2714 
6.45425 27.2205 -10.0988 
6.44896 27.1901 -10.1119 
6.4379 27.1063 -10.1674 
5.41797 26.4468 -11.168 
4.70132 26.3097 -11.3978 
4.03939 26.3235 -11.592 
3.28493 26.5803 -11.4628 
2.76741 26.677 -11.2389 
2.17129 26.7765 -11.0929 
2.1335 27.0429 -11.1649 
2.55608 27.3353 -11.332 
3.19534 27.9194 -11.8968 
4.42877 28.1682 -11.7454 
5.33646 28.0545 -11.43 
6.03651 27.6933 -10.6944 
6.33552 27.4427 -10.2966 
6.05131 27.6847 -10.8744 
5.33186 28.013 -11.6138 
4.42801 28.0946 -11.8357 
3.19293 27.9246 -11.8687 
2.57479 27.3223 -11.319 
2.14445 27.0414 -11.1529 
2.18073 26.7809 -11.0814 
2.7778 26.6945 -11.2299 
3.28987 26.5934 -11.4548 
4.03987 26.341 -11.5855 
4.69745 26.3265 -11.3939 
5.40849 26.4629 -11.1672 
6.4129 27.1123 -10.1905 
6.42562 27.1943 -10.1304 
6.42693 27.225 -10.1157 
6.389 27.251 -10.1461 
0 21.4311 -16.0845 
0 22.139 -16.3256 
0 23.4976 -15.7084 
0 24.7447 -14.6482 
0 25.6168 -14.0664 
0 26.6363 -13.3712 
0 27.1263 -13.2126 
0 28.2629 -13.256 
0 28.4333 -13.4625 
0 29.4266 -13.5669 
0 31.5712 -13.217 
0 33.7023 -12.4689 
0 37.607 -11.0888 
0 42.817 -6.45442 
2.60196 17.8063 -11.8208 
1.31371 17.8105 -12.2612 
0.714854 17.8045 -12.5317 
0 17.6309 -12.3756 
3.06879 17.7346 -11.3163 
3.2367 17.7144 -10.9641 
1.32959 17.8017 -12.1434 
2.40444 17.7608 -11.7487 
0.749492 17.8325 -12.4115 
0 17.7519 -12.4465 
2.84276 17.7245 -11.3334 
3.21418 17.6839 -11.0301 
3.25468 17.677 -10.9556 
0 16.3316 -7.38695 
-0.666067 23.4606 -13.2278 
-0.821473 23.6777 -13.2712 
-0.574758 23.2642 -13.0298 
-1.32777 23.3367 -12.374 
-1.58868 23.0619 -11.981 
-0.95341 22.747 -12.0804 
-0.655689 22.9219 -12.4622 
-1.4349 22.8361 -11.7916 
-1.8392 23.3275 -13.4877 
-1.85583 23.3113 -13.4689 
-2.06851 22.1358 -14.5745 
-2.67963 22.3259 -12.6886 
-2.50952 21.4039 -13.2246 
-10.4863 27.0256 0.916429 
-10.5085 26.3576 1.12157 
-10.5075 25.5109 0.843375 
-10.6717 27.7063 0.661861 
-10.5404 25.6856 1.33395 
-3.59325 15.8536 -10.5685 
-3.93172 15.2515 -9.97482 
-2.67935 15.1211 -11.3383 
-2.31228 15.5988 -11.2077 
-2.30617 15.6086 -11.2055 
-6.80879 27.7572 -10.0088 
-6.25805 28.043 -10.515 
-7.10219 27.8973 -9.84245 
-5.49427 28.4394 -11.217 
-5.50278 28.3936 -11.3543 
-5.51538 28.3259 -11.5575 
-2.5973 27.3065 -11.3032 
-2.66563 27.2589 -11.2554 
-2.19761 27.0337 -11.0946 
-2.15763 27.0395 -11.1384 
-2.19209 26.7861 -11.0676 
-2.22657 26.802 -11.0257 
-2.82823 26.7796 -11.1865 
-2.7903 26.7156 -11.2192 
-3.26463 27.8423 -11.9327 
-3.29827 27.7831 -11.916 
-3.31385 26.6572 -11.4162 
-3.29581 26.6092 -11.4452 
-4.42709 28.0634 -11.8572 
-4.42428 27.9762 -11.854 
-4.04223 26.4255 -11.5541 
-4.04045 26.3619 -11.5777 
-5.32635 27.9419 -11.6294 
-5.30959 27.8708 -11.6633 
-4.6928 26.3468 -11.3891 
-4.67869 26.4083 -11.3748 
-5.36242 26.5413 -11.1635 
-5.39707 26.4823 -11.1663 
-6.28359 27.3749 -10.3084 
-6.21152 27.35 -10.3333 
-5.95812 27.5767 -10.8821 
-6.00701 27.6076 -10.8516 
-6.38282 27.1195 -10.2184 
-6.29153 27.1415 -10.303 
-6.31228 27.2145 -10.2199 
-6.39754 27.1993 -10.1525 
-0.449334 28.0677 -13.1519 
-0.720196 28.0137 -13.0442 
-0.648837 27.1549 -12.8934 
-0.446961 27.1545 -13.0592 
-0.413816 26.5568 -13.241 
-0.699794 26.5136 -13.0761 
-0.742778 25.5834 -13.5512 
-0.520589 25.5785 -13.8796 
-0.557172 28.2862 -13.3347 
-0.820553 28.217 -13.3441 
-1.85188 28.2953 -13.0974 
-2.66889 28.577 -13.1308 
-1.72528 27.8074 -12.6873 
-1.22025 27.8337 -12.8245 
-1.41131 27.2056 -12.4073 
-1.06132 27.1893 -12.6702 
-1.41916 26.5117 -12.2809 
-1.10151 26.5126 -12.7156 
-1.73798 25.7909 -12.1654 
-1.06793 25.5683 -13.1 
-0.954508 22.169 -16.049 
-0.635569 23.4112 -15.6198 
-0.99574 23.3119 -15.2905 
-1.11311 22.1697 -15.7516 
-0.654365 21.2251 -15.1031 
-0.549497 21.0487 -14.7503 
-0.28104 20.8331 -15.0927 
-0.48616 21.1132 -15.4594 
-0.924776 21.5693 -15.2086 
-0.898587 21.4752 -15.5903 
-1.52475 21.4984 -14.7036 
-1.6252 21.6754 -14.904 
-1.75241 21.3381 -13.5289 
-2.03744 21.3566 -13.3595 
-1.57397 21.133 -13.1013 
-1.6137 20.8039 -13.1335 
-1.07905 20.9159 -13.3112 
-1.0751 20.6155 -13.3738 
-0.483166 20.9364 -13.9955 
-0.330213 20.5601 -14.0392 
-0.82747 21.4612 -15.747 
-2.17686 20.9756 -12.725 
-0.544098 24.6766 -14.6086 
-0.808318 24.584 -14.0647 
-7.37866 28.203 -9.36327 
-5.88569 28.9153 -11.4143 
-4.45875 28.3816 -12.2052 
-4.53349 28.8856 -12.5288 
-3.0403 28.0527 -12.3819 
-2.84448 28.3479 -12.6916 
-2.23145 27.5798 -12.0661 
-2.04153 27.6998 -12.3936 
-1.81039 27.0946 -11.7819 
-1.67693 27.1531 -12.0436 
-1.8307 26.661 -11.7267 
-1.69067 26.5823 -11.9509 
-2.02785 26.1588 -11.6996 
-1.94849 25.994 -11.8285 
-2.93636 24.8716 -11.3323 
-2.6447 24.6329 -11.714 
-3.99241 24.1902 -10.9611 
-3.89307 23.7263 -11.1113 
-5.1695 24.1778 -10.5858 
-6.1851 24.5765 -10.1224 
-6.45996 23.7502 -9.97689 
-5.20794 23.3468 -10.7341 
-7.54496 26.1392 -9.58209 
-7.77412 25.6762 -9.19597 
-7.52031 26.9326 -9.37084 
-7.94111 26.8588 -9.00324 
-6.57769 27.5959 -10.234 
-6.23783 27.8424 -10.6806 
-5.4694 28.2214 -11.4287 
-4.45105 28.3585 -11.8505 
-4.45521 28.5072 -11.8178 
-3.08273 28.0296 -12.0016 
-3.05978 28.1783 -11.9827 
-2.41279 27.4334 -11.5653 
-2.29588 27.5537 -11.7821 
-1.9938 27.0884 -11.3299 
-1.89423 27.0969 -11.5775 
-2.01605 26.7096 -11.2747 
-1.91542 26.6952 -11.4874 
-2.52558 26.3463 -11.3511 
-2.33475 26.2209 -11.5466 
-3.14185 26.1995 -11.4567 
-3.06374 25.5843 -11.4851 
-4.02532 25.9111 -11.3593 
-4.08428 25.3913 -11.2795 
-4.80803 25.9126 -11.0941 
-5.69288 26.0709 -10.7699 
-5.80266 25.5905 -10.5299 
-5.12207 25.3412 -10.87 
-6.71526 26.9399 -9.96894 
-7.06137 26.6875 -9.80239 
-6.77795 27.117 -9.91208 
-7.09659 27.0289 -9.6546 
-6.39025 27.5008 -10.2991 
-6.07713 27.7376 -10.7731 
-5.35037 28.0484 -11.5215 
-4.43111 28.136 -11.8683 
-3.17751 27.9585 -11.9419 
-2.49932 27.375 -11.3717 
-2.10029 27.0477 -11.2012 
-2.14264 26.7633 -11.1277 
-2.7359 26.6238 -11.266 
-3.26995 26.5404 -11.4869 
-4.03791 26.2707 -11.6116 
-4.71304 26.2585 -11.4097 
-5.44676 26.3978 -11.1703 
-6.51374 27.0881 -10.0971 
-6.51979 27.1775 -10.056 
-2.36527 27.0347 -10.882 
-2.38915 26.8285 -10.8185 
-3.42798 26.9671 -10.967 
-3.34096 27.2578 -11.0109 
-3.76753 26.917 -11.1214 
-3.77452 27.6192 -11.4345 
-4.16926 26.7803 -11.1933 
-4.42899 27.7441 -11.3566 
-4.57939 26.7642 -11.0724 
-5.00177 26.8479 -10.9361 
-4.95095 27.6729 -11.2512 
-5.52448 27.1908 -10.4493 
-5.54631 27.2242 -10.3862 
-5.47364 27.2916 -10.4721 
-5.33948 27.4664 -10.785 
-2.79892 21.4007 -12.1878 
-1.99677 20.81 -12.5378 
-2.10824 20.6951 -12.5227 
-2.63747 22.4992 -11.6827 
-2.59094 22.4061 -12.0371 
-2.70405 21.3476 -11.8218 
-2.76161 21.2571 -11.7453 
-1.3559 24.4932 -13.3189 
-1.87273 20.2829 -12.6694 
-1.2137 19.9933 -13.3512 
-0.658296 19.9419 -13.7109 
-2.19139 20.5148 -11.9667 
-3.32917 20.8818 -11.3333 
-0.924832 18.7136 -13.7842 
-1.02119 18.4675 -13.8246 
-1.71773 18.4324 -13.3885 
-1.7679 18.1976 -13.4458 
-2.63999 18.3488 -12.6546 
-2.65538 17.99 -12.6448 
-3.32071 18.2763 -11.919 
-3.2325 17.9244 -11.8922 
-3.92178 18.0144 -11.27 
-3.6211 17.8864 -11.3502 
-1.57515 17.9445 -13.1025 
-2.63271 17.807 -12.4545 
-2.60196 17.7334 -12.1965 
-1.31371 17.7845 -12.6369 
-0.891178 17.9954 -13.4354 
-0.714854 17.8067 -12.9074 
-3.15535 17.712 -11.8072 
-3.06879 17.6824 -11.692 
-3.4043 17.719 -11.3458 
-3.2367 17.6608 -11.3398 
-0.574758 21.6619 -14.1823 
-0.655689 21.3196 -13.6147 
-0.95341 21.1447 -13.2329 
-1.4349 21.2337 -12.9441 
-1.58868 21.4595 -13.1336 
-1.68689 21.7344 -13.5266 
-0.821473 22.0754 -14.4238 
-0.666067 21.8583 -14.3804 
-3.02012 19.174 -11.9327 
-4.40931 18.3208 -10.8854 
-2.36794 19.3405 -12.6598 
-1.47826 19.4261 -13.3698 
-0.713643 19.4541 -13.7515 
-1.32959 17.8039 -12.5192 
-2.40444 17.8174 -12.1244 
-2.44648 17.6491 -12.1998 
-1.45446 17.6316 -12.7002 
-0.749492 17.8356 -12.7873 
-0.907634 17.5879 -12.9793 
-2.84276 17.7243 -11.7091 
-2.88003 17.6115 -11.7298 
-3.21418 17.6824 -11.4058 
-3.33643 17.5139 -11.2939 
-3.25468 17.6754 -11.3313 
-3.49247 17.6301 -11.2653 
-1.54653 17.0591 -12.8337 
-2.40559 17.2565 -12.2553 
-2.3526 17.0239 -12.2252 
-1.55104 16.7343 -12.6161 
-1.02423 17.005 -13.1209 
-0.918449 16.4346 -12.957 
-3.00414 17.3595 -11.745 
-2.9468 17.1925 -11.6431 
-3.50649 17.3363 -11.2115 
-3.77994 17.1747 -11.0702 
-3.74772 17.5938 -11.2109 
-4.03607 17.58 -11.1017 
-6.76103 22.6317 -9.73744 
-7.97957 25.2862 -8.84962 
-8.13374 23.2399 -7.50988 
-6.66929 21.7404 -9.42054 
-4.53718 21.4541 -10.9142 
-5.1676 22.5158 -10.6843 
-2.36274 24.6074 -11.9389 
-3.85386 23.4899 -11.2054 
-3.21997 22.3448 -11.2684 
-3.01764 21.8646 -11.4789 
-4.02029 21.0785 -11.046 
-0.978324 15.996 -12.2417 
-1.69072 15.9227 -11.9038 
-4.68882 17.6222 -10.6103 
-4.42835 16.9372 -10.5807 
-1.01387 15.8369 -12.033 
-1.04729 15.7439 -12.1698 
-1.75794 15.7521 -11.6511 
-1.84876 15.632 -11.7132 
-4.99956 16.6581 -10.0173 
-5.18024 17.6632 -10.0715 
-6.41504 18.1249 -7.50893 
-6.34709 15.8787 -6.98766 
-5.4018 16.4541 -9.43915 
-5.51948 17.7853 -9.43692 
-5.31527 14.3217 -8.13988 
-4.19921 14.9437 -9.65903 
-3.96395 13.3284 -9.79397 
-2.97426 14.4731 -11.1495 
-2.64869 12.5821 -11.2117 
-1.97366 14.133 -12.1906 
-1.44348 12.2374 -11.7731 
-1.10179 14.1848 -12.7288 
-7.10208 18.7974 -6.12165 
-6.9863 15.661 -5.18134 
-5.51076 13.7337 -5.65202 
-4.17286 13.0892 -8.63362 
-3.01165 12.3934 -8.92248 
-1.64849 11.7835 -9.22003 
-4.7694 19.0485 -10.4809 
-5.23244 19.5186 -10.0261 
-6.66754 20.7154 -8.81027 
-7.73794 21.4693 -7.07516 
-4.8555 29.987 -13.0269 
-4.60051 29.3374 -12.8691 
-3.08051 29.5578 -13.4322 
-6.64305 30.1099 -11.1496 
-6.21773 29.4437 -11.4114 
-8.08091 29.0509 -8.59181 
-7.62657 28.5776 -9.10924 
-8.31842 26.7926 -8.52716 
-8.89601 26.7273 -6.93927 
-2.08481 29.29 -13.5964 
-0.997394 29.1917 -13.5755 
-8.30699 39.5254 -3.89282 
-7.01667 35.4361 -9.34319 
-5.40936 36.5605 -9.94215 
-6.71962 40.9392 -4.81736 
-9.68374 36.2634 -2.3227 
-8.88928 33.9921 -6.96262 
-9.88991 34.8309 -1.53314 
-9.2831 32.7144 -5.33697 
-3.84488 37.1728 -10.4162 
-4.4471 42.177 -5.49436 
-2.3177 37.5188 -10.94 
-2.20676 42.8175 -6.21081 
-9.95572 25.772 -1.39732 
-9.61999 25.0021 -2.80579 
-9.33938 27.3558 -3.80851 
-10.1536 27.8625 -0.863369 
-8.79006 31.1537 -6.95118 
-7.02815 31.8131 -9.65486 
-5.08895 33.1374 -11.2346 
-3.71787 33.4118 -12.0966 
-2.64501 33.5472 -12.331 
-1.52213 33.672 -12.4347 
-8.29779 19.904 1.33847 
-7.45378 16.9538 -0.244095 
-9.02095 18.3179 -1.00836 
-9.53694 19.8085 0.511741 
-8.90801 20.5141 -1.75912 
-9.35979 21.6757 -0.162913 
-9.25978 23.2049 -0.869099 
-9.24632 22.7782 -2.18259 
-5.9765 14.7052 -3.22899 
-7.7331 16.2323 -3.39401 
-8.22593 19.5385 -3.75583 
-8.43453 22.2573 -4.47796 
-8.71726 24.024 -5.44026 
-9.13107 27.0978 -5.31565 
-8.43266 29.7258 -7.68461 
-6.6756 30.8564 -10.3934 
-4.70657 31.4371 -12.4422 
-3.3403 31.7103 -12.8454 
-2.31876 31.8421 -13.1618 
-1.2954 31.716 -13.236 
-6.29422 27.2468 -10.1976 
-5.54752 27.2493 -10.3759 
-6.39403 27.2304 -10.136 
-6.53719 27.2069 -10.0476 
-6.7841 27.1474 -9.90625 
-3.04951 28.1121 -12.1932 
-4.45648 28.4622 -11.9567 
-10.1934 25.6635 -0.822968 
-10.3062 27.7833 0.0833988 
-9.5361 22.153 0.232001 
-9.53852 23.4571 -0.294172 
-11.3601 28.9466 0.752089 
-10.9417 29.232 0.68186 
-11.859 29.7614 2.95444 
-12.5149 29.4646 2.67754 
-12.3738 27.5507 4.92843 
-13.3337 27.4035 4.38828 
-12.5375 25.3705 4.25574 
-11.9692 25.3926 4.75092 
-11.581 23.5055 4.08631 
-12.0812 23.712 3.66079 
-9.86788 21.2986 2.07978 
-10.537 21.1804 2.09985 
-9.26425 21.1579 0.451277 
-9.82981 21.0858 0.675524 
-10.2787 25.577 -0.166868 
-10.5673 27.7239 0.473527 
-11.2585 28.731 0.954748 
-9.73895 22.7535 0.314135 
-9.7412 23.7147 0.123525 
-10.346 21.8765 0.803523 
-12.4281 28.8088 2.64083 
-12.951 26.8905 3.83219 
-12.2618 25.3775 3.86653 
-11.8407 23.8381 3.35887 
-10.8307 21.9343 2.07806 
-11.2383 28.6175 1.02355 
-9.85865 23.202 0.439744 
-10.065 23.7748 0.30123 
-10.5372 22.8779 1.07527 
-11.8341 29.0476 2.77142 
-11.9974 26.9867 3.95415 
-11.736 25.4597 3.96701 
-11.4006 24.1719 3.30195 
-10.9676 22.8677 2.04949 
-11.036 28.3719 1.07519 
-11.3784 28.6675 2.70164 
-11.5168 26.8311 4.14747 
-11.4891 25.3797 3.80195 
-10.3807 25.253 2.01846 
-10.4648 25.3392 2.16428 
-10.2785 27.1177 1.34377 
-10.98 27.6447 1.24475 
-11.6271 28.2237 2.73695 
-11.2237 27.0641 2.55206 
-11.7371 26.8907 3.76692 
-11.5819 26.5107 2.99087 
-11.0178 25.3644 3.36949 
-11.6663 25.3758 3.50927 
-11.206 24.384 3.14347 
-10.453 24.5447 3.04838 
-10.3551 23.8407 2.20623 
-10.6328 23.6554 2.22408 
-10.3547 23.5222 1.15449 
-10.1025 23.7833 1.26403 
-10.2417 24.2885 0.757222 
-10.3308 24.638 0.86636 
-10.9737 27.2453 2.32464 
-10.1881 25.5189 2.23159 
-10.2192 26.2585 1.4895 
-10.0513 26.8371 1.65567 
-11.0538 26.4554 2.69026 
-10.694 25.598 3.09628 
-9.48368 24.3721 0.861687 
-9.37815 23.8984 1.23937 
-9.77472 23.5818 0.619814 
-9.7841 24.0183 0.514251 
-9.55152 24.6343 0.944555 
-10.0027 25.3133 0.9268 
-10.0276 25.4781 1.2975 
-9.56199 24.6709 1.39153 
-10.1429 25.1443 1.79621 
-9.99393 24.5872 1.7655 
-10.1237 23.9396 1.93766 
-10.0794 24.5349 2.5648 
-1.89264 11.861 -7.06491 
-3.90126 12.4817 -6.44012 
-2.08646 11.9985 -5.342 
-4.60145 12.9895 -4.35696 
-10.7386 27.2249 4.32219 
-10.7592 28.2848 3.13814 
-9.6049 22.7276 2.20634 
-10.3405 24.1778 3.84969 
-10.476 25.4149 4.36063 
-10.5403 27.9486 1.47634 
-9.53304 21.9481 1.01686 
-10.5015 29.6046 2.99376 
-10.3193 29.1362 0.44633 
-6.26855 27.2677 -10.2269 
-5.51045 27.279 -10.409 
-6.35914 27.2551 -10.1662 
-6.48907 27.2371 -10.0791 
-6.75246 27.1884 -9.93707 
-6.4138 27.2475 -10.1295 
-6.35026 27.4816 -10.2714 
-6.45425 27.2205 -10.0988 
-6.44896 27.1901 -10.1119 
-6.4379 27.1063 -10.1674 
-5.41797 26.4468 -11.168 
-4.70132 26.3097 -11.3978 
-4.03939 26.3235 -11.592 
-3.28493 26.5803 -11.4628 
-2.76741 26.677 -11.2389 
-2.17129 26.7765 -11.0929 
-2.1335 27.0429 -11.1649 
-2.55608 27.3353 -11.332 
-3.19534 27.9194 -11.8968 
-4.42877 28.1682 -11.7454 
-5.33646 28.0545 -11.43 
-6.03651 27.6933 -10.6944 
-6.33552 27.4427 -10.2966 
-6.05131 27.6847 -10.8744 
-5.33186 28.013 -11.6138 
-4.42801 28.0946 -11.8357 
-3.19293 27.9246 -11.8687 
-2.57479 27.3223 -11.319 
-2.14445 27.0414 -11.1529 
-2.18073 26.7809 -11.0814 
-2.7778 26.6945 -11.2299 
-3.28987 26.5934 -11.4548 
-4.03987 26.341 -11.5855 
-4.69745 26.3265 -11.3939 
-5.40849 26.4629 -11.1672 
-6.4129 27.1123 -10.1905 
-6.42562 27.1943 -10.1304 
-6.42693 27.225 -10.1157 
-6.389 27.251 -10.1461 
-2.60196 17.8063 -11.8208 
-1.31371 17.8105 -12.2612 
-0.714854 17.8045 -12.5317 
-3.06879 17.7346 -11.3163 
-3.2367 17.7144 -10.9641 
-1.32959 17.8017 -12.1434 
-2.40444 17.7608 -11.7487 
-0.749492 17.8325 -12.4115 
-2.84276 17.7245 -11.3334 
-3.21418 17.6839 -11.0301 
-3.25468 17.677 -10.9556 
