-9.8136   26.9622   -1.0982
-9.7561   24.5592   -0.7809
-9.4943   21.8105   -0.2626
-9.1618   19.5661   -0.7613
-8.3627   17.2141   -1.6423
-7.0932   15.4458   -3.4559
-5.5063   13.7229   -5.6322
-2.9404   12.3966   -8.9218
      0   12.1011  -11.9091
 2.9404   12.3966   -8.9218
 5.5063   13.7229   -5.6322
 7.0932   15.4458   -3.4559
 8.3627   17.2141   -1.6423
 9.1618   19.5661   -0.7613
 9.4943   21.8105   -0.2626
 9.7561   24.5592   -0.7809
 9.8136   26.9622   -1.0982
 7.6373   28.4584   -9.0781
 6.2317   29.4106  -11.3451
 4.8715   29.9093  -13.0269
 3.6020   29.6373  -13.5964
 2.1511   29.2292  -13.5964
-2.1511   29.2292  -13.5964
-3.6020   29.6373  -13.5964
-4.8715   29.9093  -13.0269
-6.2317   29.4106  -11.3451
-7.6373   28.4584   -9.0781
-6.3828   27.1195  -10.2184
-5.2343   27.9144  -11.6633
-3.6020   27.9144  -11.9327
-2.1210   26.8473  -11.0814
-3.6020   26.4635  -11.4548
-5.3249   26.3728  -11.1672
 2.1210   26.8473  -11.0814
 3.6020   27.9144  -11.9327
 5.2343   27.9144  -11.6633
 6.3828   27.1195  -10.2184
 5.3249   26.3728  -11.1672
 3.6020   26.4635  -11.4548
      0   27.1263  -13.2126
      0   25.5567  -14.0655
      0   23.9698  -15.1990
      0   22.1390  -16.3256
-2.7914   21.5214  -10.8917
-1.5248   20.8883  -12.6462
      0   20.5158  -14.0242
 1.5248   20.8883  -12.6462
 2.7914   21.5214  -10.8917
-3.4925   17.6301  -11.2653
-2.6400   18.3184  -12.3110
-1.5996   18.4302  -13.1676
      0   18.6134  -13.8054
 1.5996   18.4302  -13.1676
 2.6400   18.3184  -12.3110
 3.4925   17.6301  -11.2653
 2.9404   17.2011  -11.7450
 1.5624   16.7169  -12.8337
      0   16.3108  -13.0987
-1.5624   16.7169  -12.8337
-2.9404   17.2011  -11.7450
-2.7914   17.7225  -11.8268
-1.5996   17.9088  -12.4972
      0   17.8096  -13.3718
 1.5996   17.9088  -12.4972
 2.7914   17.7225  -11.8268
 1.5996   17.5363  -12.4227
      0   17.4246  -13.0559
-1.5996   17.5363  -12.4227