3 78 76 75 
3 78 75 77 
3 525 218 217 
3 525 217 524 
3 526 220 218 
3 526 218 525 
3 527 222 220 
3 527 220 526 
3 524 217 224 
3 524 224 528 
3 528 224 226 
3 528 226 529 
3 531 242 241 
3 531 241 530 
3 530 241 245 
3 530 245 532 
3 532 245 247 
3 532 247 533 
3 534 249 242 
3 534 242 531 
3 535 251 249 
3 535 249 534 
3 536 253 251 
3 536 251 535 
3 529 226 253 
3 529 253 536 
3 82 79 80 
3 82 80 81 
3 86 83 84 
3 86 84 85 
3 88 87 83 
3 88 83 86 
3 90 89 87 
3 90 87 88 
3 92 91 89 
3 92 89 90 
3 94 93 91 
3 94 91 92 
3 96 95 93 
3 96 93 94 
3 98 97 95 
3 98 95 96 
3 85 84 97 
3 85 97 98 
3 100 86 85 
3 100 85 99 
3 86 101 88 
3 99 85 98 
3 99 98 102 
3 10 90 88 
3 10 88 82 
3 12 92 90 
3 12 90 10 
3 103 94 92 
3 103 92 12 
3 82 88 101 
3 82 101 79 
3 81 80 104 
3 81 104 105 
3 60 68 69 
3 60 69 72 
3 60 72 74 
3 60 74 61 
3 61 74 76 
3 61 76 64 
3 64 76 78 
3 64 78 65 
3 107 106 25 
3 107 25 28 
3 107 28 108 
3 107 108 109 
3 109 108 110 
3 109 110 111 
3 111 110 112 
3 111 112 113 
3 113 112 114 
3 113 114 115 
3 115 114 116 
3 115 116 117 
3 117 116 118 
3 117 118 119 
3 119 118 120 
3 119 120 121 
3 121 120 122 
3 121 122 123 
3 127 124 125 
3 127 125 126 
3 126 125 128 
3 126 128 129 
3 129 128 130 
3 129 130 131 
3 24 23 132 
3 24 132 133 
3 26 134 135 
3 26 135 136 
3 136 135 137 
3 136 137 138 
3 138 137 139 
3 138 139 140 
3 140 139 141 
3 140 141 142 
3 142 141 143 
3 142 143 144 
3 144 143 145 
3 144 145 146 
3 146 145 147 
3 146 147 148 
3 148 147 149 
3 148 149 150 
3 154 151 152 
3 154 152 153 
3 153 152 155 
3 153 155 156 
3 156 155 157 
3 156 157 158 
3 133 132 159 
3 133 159 160 
3 134 161 162 
3 134 162 135 
3 135 162 163 
3 135 163 137 
3 137 163 164 
3 137 164 139 
3 139 164 165 
3 139 165 141 
3 141 165 166 
3 141 166 143 
3 143 166 167 
3 143 167 145 
3 145 167 168 
3 145 168 147 
3 147 168 169 
3 147 169 149 
3 151 170 171 
3 151 171 152 
3 152 171 172 
3 152 172 155 
3 155 172 173 
3 155 173 157 
3 175 34 31 
3 175 31 174 
3 176 35 34 
3 176 34 175 
3 174 31 30 
3 174 30 177 
3 178 39 35 
3 178 35 176 
3 177 30 38 
3 177 38 179 
3 180 43 39 
3 180 39 178 
3 179 38 42 
3 179 42 181 
3 183 49 48 
3 183 48 182 
3 181 42 46 
3 181 46 184 
3 185 56 49 
3 185 49 183 
3 186 57 56 
3 186 56 185 
3 188 53 52 
3 188 52 187 
3 189 103 12 
3 189 12 11 
3 190 191 94 
3 193 9 8 
3 193 8 192 
3 191 190 194 
3 191 194 195 
3 195 194 193 
3 195 193 192 
3 81 8 10 
3 81 10 82 
3 196 8 81 
3 196 81 105 
3 198 96 94 
3 198 94 197 
3 199 98 96 
3 199 96 198 
3 200 102 98 
3 200 98 199 
3 197 94 191 
3 197 191 201 
3 201 191 195 
3 201 195 202 
3 206 203 204 
3 206 204 205 
3 205 204 207 
3 205 207 208 
3 208 207 209 
3 208 209 210 
3 210 209 211 
3 210 211 212 
3 212 211 213 
3 212 213 214 
3 218 215 216 
3 218 216 217 
3 220 219 215 
3 220 215 218 
3 222 221 219 
3 222 219 220 
3 217 216 223 
3 217 223 224 
3 224 223 225 
3 224 225 226 
3 228 97 84 
3 228 84 227 
3 229 95 97 
3 229 97 228 
3 230 93 95 
3 230 95 229 
3 231 91 93 
3 231 93 230 
3 232 89 91 
3 232 91 231 
3 233 87 89 
3 233 89 232 
3 234 83 87 
3 234 87 233 
3 227 84 83 
3 227 83 234 
3 211 235 236 
3 211 236 213 
3 209 237 235 
3 209 235 211 
3 207 238 237 
3 207 237 209 
3 204 239 238 
3 204 238 207 
3 203 240 239 
3 203 239 204 
3 244 241 242 
3 244 242 243 
3 246 245 241 
3 246 241 244 
3 248 247 245 
3 248 245 246 
3 243 242 249 
3 243 249 250 
3 250 249 251 
3 250 251 252 
3 254 252 251 
3 254 251 253 
3 258 255 256 
3 258 256 257 
3 260 259 255 
3 260 255 258 
3 262 261 259 
3 262 259 260 
3 257 256 263 
3 257 263 264 
3 264 263 265 
3 264 265 266 
3 268 266 265 
3 268 265 267 
3 272 269 270 
3 272 270 271 
3 274 269 272 
3 274 272 273 
3 192 275 276 
3 192 276 277 
3 78 196 105 
3 78 105 65 
3 105 104 66 
3 105 66 65 
3 275 196 78 
3 275 78 77 
3 277 278 195 
3 277 195 192 
3 276 274 273 
3 276 273 277 
3 123 122 124 
3 123 124 127 
3 150 149 151 
3 150 151 154 
3 149 169 170 
3 149 170 151 
3 47 44 43 
3 47 43 48 
3 182 48 43 
3 182 43 180 
3 278 279 202 
3 278 202 195 
3 103 190 94 
3 190 103 189 
3 190 189 194 
3 194 189 11 
3 194 11 193 
3 9 193 11 
3 281 280 262 
3 281 262 260 
3 282 281 260 
3 282 260 258 
3 22 282 258 
3 22 258 257 
3 240 200 199 
3 240 199 239 
3 239 199 198 
3 239 198 238 
3 238 198 197 
3 238 197 237 
3 237 197 201 
3 237 201 235 
3 235 201 202 
3 235 202 236 
3 284 266 268 
3 284 268 283 
3 18 264 266 
3 18 266 284 
3 22 257 264 
3 22 264 18 
3 288 285 286 
3 288 286 287 
3 290 288 287 
3 290 287 289 
3 20 290 289 
3 20 289 21 
3 291 19 18 
3 291 18 284 
3 283 292 291 
3 283 291 284 
3 296 293 294 
3 296 294 295 
3 294 297 298 
3 294 298 295 
3 297 299 300 
3 297 300 298 
3 299 301 302 
3 299 302 300 
3 301 303 304 
3 301 304 302 
3 303 305 306 
3 303 306 304 
3 293 307 308 
3 293 308 294 
3 308 309 297 
3 308 297 294 
3 309 310 299 
3 309 299 297 
3 310 311 301 
3 310 301 299 
3 311 312 303 
3 311 303 301 
3 312 313 305 
3 312 305 303 
3 314 236 202 
3 314 202 279 
3 316 315 273 
3 316 273 272 
3 272 271 317 
3 272 317 316 
3 320 318 319 
3 320 319 70 
3 318 321 322 
3 318 322 319 
3 321 323 324 
3 321 324 322 
3 326 271 270 
3 326 270 325 
3 327 320 70 
3 327 70 69 
3 68 67 328 
3 328 327 69 
3 328 69 68 
3 332 329 330 
3 332 330 331 
3 329 333 334 
3 329 334 330 
3 333 335 336 
3 333 336 334 
3 338 332 331 
3 338 331 337 
3 340 338 337 
3 340 337 339 
3 344 341 342 
3 344 342 343 
3 334 336 345 
3 334 345 346 
3 330 334 346 
3 330 346 347 
3 331 330 347 
3 331 347 348 
3 337 331 348 
3 337 348 349 
3 339 337 349 
3 339 349 350 
3 354 351 352 
3 354 352 353 
3 356 354 353 
3 356 353 355 
3 341 357 358 
3 341 358 342 
3 360 359 309 
3 360 309 308 
3 361 360 308 
3 361 308 307 
3 363 362 317 
3 363 317 271 
3 364 363 271 
3 364 271 326 
3 366 365 323 
3 366 323 321 
3 367 366 321 
3 367 321 318 
3 368 367 318 
3 368 318 320 
3 369 368 320 
3 369 320 327 
3 370 369 327 
3 370 327 328 
3 372 371 57 
3 372 57 186 
3 371 373 58 
3 371 58 57 
3 157 173 374 
3 157 374 375 
3 375 158 157 
3 324 323 326 
3 324 326 325 
3 323 365 364 
3 323 364 326 
3 345 336 344 
3 345 344 343 
3 225 254 253 
3 225 253 226 
3 214 213 268 
3 214 268 267 
3 283 268 213 
3 283 213 236 
3 236 314 292 
3 236 292 283 
3 315 316 293 
3 315 293 296 
3 316 317 307 
3 316 307 293 
3 317 362 361 
3 317 361 307 
3 358 357 356 
3 358 356 355 
3 221 206 205 
3 221 205 219 
3 219 205 208 
3 219 208 215 
3 215 208 210 
3 215 210 216 
3 216 210 212 
3 216 212 223 
3 223 212 214 
3 223 214 225 
3 214 267 254 
3 214 254 225 
3 267 265 252 
3 267 252 254 
3 265 263 250 
3 265 250 252 
3 263 256 243 
3 263 243 250 
3 256 255 244 
3 256 244 243 
3 255 259 246 
3 255 246 244 
3 259 261 248 
3 259 248 246 
3 130 128 156 
3 130 156 158 
3 128 125 153 
3 128 153 156 
3 125 124 154 
3 125 154 153 
3 124 122 150 
3 124 150 154 
3 122 120 148 
3 122 148 150 
3 120 118 146 
3 120 146 148 
3 118 116 144 
3 118 144 146 
3 116 114 142 
3 116 142 144 
3 114 112 140 
3 114 140 142 
3 138 140 376 
3 376 377 136 
3 376 136 138 
3 377 27 26 
3 377 26 136 
3 379 378 341 
3 379 341 344 
3 381 380 356 
3 381 356 357 
3 378 381 357 
3 378 357 341 
3 385 382 383 
3 385 383 384 
3 387 385 384 
3 387 384 386 
3 391 388 389 
3 391 389 390 
3 393 391 390 
3 393 390 392 
3 395 393 392 
3 395 392 394 
3 397 396 378 
3 397 378 379 
3 398 397 379 
3 398 379 382 
3 400 399 380 
3 400 380 381 
3 399 401 395 
3 399 395 380 
3 396 400 381 
3 396 381 378 
3 402 398 382 
3 402 382 385 
3 403 402 385 
3 403 385 387 
3 405 404 388 
3 405 388 391 
3 406 405 391 
3 406 391 393 
3 401 406 393 
3 401 393 395 
3 16 15 396 
3 16 396 397 
3 407 16 397 
3 407 397 398 
3 409 408 399 
3 409 399 400 
3 408 410 401 
3 408 401 399 
3 15 409 400 
3 15 400 396 
3 411 407 398 
3 411 398 402 
3 412 411 402 
3 412 402 403 
3 414 413 404 
3 414 404 405 
3 415 414 405 
3 415 405 406 
3 410 415 406 
3 410 406 401 
3 417 416 407 
3 417 407 411 
3 418 417 411 
3 418 411 412 
3 413 414 419 
3 407 416 16 
3 421 420 17 
3 421 17 14 
3 425 422 423 
3 425 423 424 
3 427 425 424 
3 427 424 426 
3 431 428 429 
3 431 429 430 
3 428 427 426 
3 428 426 429 
3 419 418 412 
3 419 412 413 
3 413 412 403 
3 413 403 404 
3 404 403 387 
3 404 387 388 
3 388 387 386 
3 388 386 389 
3 435 432 433 
3 435 433 434 
3 433 432 431 
3 433 431 430 
3 410 408 435 
3 410 435 434 
3 14 13 423 
3 14 423 422 
3 437 436 409 
3 437 409 15 
3 428 431 420 
3 428 420 421 
3 441 438 439 
3 441 439 440 
3 438 442 443 
3 438 443 439 
3 447 444 445 
3 447 445 446 
3 451 448 449 
3 451 449 450 
3 445 444 448 
3 445 448 451 
3 453 451 450 
3 453 450 452 
3 454 445 451 
3 454 451 453 
3 455 454 453 
3 455 453 452 
3 446 445 435 
3 446 435 408 
3 447 446 408 
3 447 408 409 
3 444 447 409 
3 444 409 436 
3 450 449 15 
3 450 15 17 
3 449 448 437 
3 449 437 15 
3 448 444 436 
3 448 436 437 
3 452 450 17 
3 452 17 420 
3 445 454 432 
3 445 432 435 
3 455 452 420 
3 455 420 431 
3 454 455 431 
3 454 431 432 
3 440 439 421 
3 440 421 14 
3 441 440 14 
3 441 14 422 
3 438 441 422 
3 438 422 425 
3 439 443 428 
3 439 428 421 
3 442 438 425 
3 442 425 427 
3 443 442 427 
3 443 427 428 
3 13 16 416 
3 13 416 423 
3 424 423 416 
3 424 416 417 
3 426 424 417 
3 426 417 418 
3 429 426 418 
3 429 418 419 
3 430 429 419 
3 430 419 414 
3 414 415 433 
3 414 433 430 
3 434 433 415 
3 434 415 410 
3 395 394 380 
3 383 382 379 
3 350 349 369 
3 350 369 370 
3 349 348 368 
3 349 368 369 
3 348 347 367 
3 348 367 368 
3 347 346 366 
3 347 366 367 
3 346 345 365 
3 346 365 366 
3 365 345 343 
3 365 343 364 
3 343 342 363 
3 343 363 364 
3 342 358 362 
3 342 362 363 
3 362 358 355 
3 362 355 361 
3 355 353 360 
3 355 360 361 
3 353 352 359 
3 353 359 360 
3 356 380 351 
3 356 351 354 
3 457 456 313 
3 457 313 312 
3 458 457 312 
3 458 312 311 
3 460 459 456 
3 460 456 457 
3 461 460 457 
3 461 457 458 
3 310 309 458 
3 310 458 311 
3 309 359 461 
3 309 461 458 
3 463 462 386 
3 463 386 384 
3 465 464 392 
3 465 392 390 
3 462 466 389 
3 462 389 386 
3 467 463 384 
3 467 384 383 
3 464 468 394 
3 464 394 392 
3 466 465 390 
3 466 390 389 
3 467 383 379 
3 380 394 468 
3 380 468 351 
3 470 469 463 
3 470 463 467 
3 469 462 463 
3 335 469 470 
3 379 344 470 
3 379 470 467 
3 344 336 335 
3 344 335 470 
3 351 468 464 
3 277 273 279 
3 277 279 278 
3 273 315 314 
3 273 314 279 
3 314 315 296 
3 314 296 292 
3 292 296 295 
3 292 295 291 
3 295 298 19 
3 295 19 291 
3 298 300 20 
3 298 20 19 
3 300 302 290 
3 300 290 20 
3 302 304 288 
3 302 288 290 
3 304 306 285 
3 304 285 288 
3 187 52 471 
3 187 471 472 
3 471 52 51 
3 471 51 473 
3 475 474 159 
3 475 159 132 
3 158 475 132 
3 158 132 23 
3 130 158 23 
3 130 23 25 
3 131 130 25 
3 131 25 106 
3 472 471 371 
3 472 371 372 
3 471 473 373 
3 471 373 371 
3 375 374 474 
3 375 474 475 
3 475 158 375 
3 112 110 376 
3 112 376 140 
3 110 108 377 
3 110 377 376 
3 108 28 27 
3 108 27 377 
3 176 175 174 
3 176 174 177 
3 287 286 280 
3 287 280 281 
3 289 287 281 
3 289 281 282 
3 21 289 282 
3 21 282 22 
3 184 46 53 
3 184 53 188 
3 46 45 54 
3 46 54 53 
3 161 134 133 
3 161 133 160 
3 134 26 24 
3 134 24 133 
3 477 159 474 
3 477 474 476 
3 476 474 374 
3 476 374 478 
3 478 374 173 
3 478 173 479 
3 173 172 480 
3 173 480 479 
3 172 171 481 
3 172 481 480 
3 171 170 482 
3 171 482 481 
3 170 169 483 
3 170 483 482 
3 169 168 484 
3 169 484 483 
3 168 167 485 
3 168 485 484 
3 167 166 486 
3 167 486 485 
3 166 165 487 
3 166 487 486 
3 165 164 488 
3 165 488 487 
3 164 163 489 
3 164 489 488 
3 163 162 490 
3 163 490 489 
3 162 161 491 
3 162 491 490 
3 491 161 160 
3 491 160 492 
3 160 159 477 
3 160 477 492 
3 492 477 493 
3 492 493 494 
3 494 495 491 
3 494 491 492 
3 490 491 495 
3 490 495 496 
3 489 490 496 
3 489 496 497 
3 488 489 497 
3 488 497 498 
3 487 488 498 
3 487 498 499 
3 486 487 499 
3 486 499 500 
3 485 486 500 
3 485 500 501 
3 484 485 501 
3 484 501 502 
3 483 484 502 
3 483 502 503 
3 482 483 503 
3 482 503 504 
3 481 482 504 
3 481 504 505 
3 480 481 505 
3 480 505 506 
3 479 480 506 
3 479 506 507 
3 507 508 478 
3 507 478 479 
3 508 509 476 
3 508 476 478 
3 509 493 477 
3 509 477 476 
3 473 509 508 
3 473 508 373 
3 373 508 507 
3 373 507 58 
3 507 506 55 
3 507 55 58 
3 506 505 50 
3 506 50 55 
3 505 504 47 
3 505 47 50 
3 504 503 44 
3 504 44 47 
3 503 502 40 
3 503 40 44 
3 502 501 36 
3 502 36 40 
3 501 500 33 
3 501 33 36 
3 500 499 32 
3 500 32 33 
3 499 498 29 
3 499 29 32 
3 498 497 37 
3 498 37 29 
3 497 496 41 
3 497 41 37 
3 496 495 45 
3 496 45 41 
3 45 495 494 
3 45 494 54 
3 494 493 51 
3 494 51 54 
3 51 493 509 
3 51 509 473 
3 322 107 109 
3 322 109 319 
3 322 324 106 
3 322 106 107 
3 324 325 131 
3 324 131 106 
3 325 270 129 
3 325 129 131 
3 270 269 126 
3 270 126 129 
3 269 274 127 
3 269 127 126 
3 274 276 123 
3 274 123 127 
3 276 275 121 
3 276 121 123 
3 275 77 119 
3 275 119 121 
3 77 75 117 
3 77 117 119 
3 75 73 115 
3 75 115 117 
3 73 71 113 
3 73 113 115 
3 71 70 111 
3 71 111 113 
3 70 319 109 
3 70 109 111 
3 0 2 227 
3 0 227 234 
3 1 0 234 
3 1 234 233 
3 3 1 233 
3 3 233 232 
3 4 3 232 
3 4 232 231 
3 7 4 231 
3 7 231 230 
3 5 7 230 
3 5 230 229 
3 6 5 229 
3 6 229 228 
3 2 6 228 
3 2 228 227 
3 510 101 86 
3 510 86 100 
3 79 101 510 
3 79 510 511 
3 79 511 512 
3 79 512 80 
3 80 512 513 
3 80 513 104 
3 104 513 514 
3 104 514 66 
3 514 515 63 
3 514 63 66 
3 515 516 62 
3 515 62 63 
3 516 517 59 
3 516 59 62 
3 517 518 67 
3 517 67 59 
3 518 519 328 
3 518 328 67 
3 519 520 370 
3 519 370 328 
3 520 521 350 
3 520 350 370 
3 521 522 339 
3 521 339 350 
3 522 523 340 
3 522 340 339 
3 275 192 8 
3 275 8 196 
3 179 178 176 
3 179 176 177 
3 181 180 178 
3 181 178 179 
3 184 182 180 
3 184 180 181 
3 188 183 182 
3 188 182 184 
3 188 187 185 
3 188 185 183 
3 372 186 185 
3 187 472 372 
3 187 372 185 
3 0 1 2 
3 1 3 2 
3 3 4 5 
3 3 5 6 
3 3 6 2 
3 4 7 5 
3 8 9 10 
3 9 11 10 
3 11 12 10 
3 13 14 15 
3 13 15 16 
3 14 17 15 
3 18 19 20 
3 18 20 21 
3 18 21 22 
3 23 24 25 
3 24 26 27 
3 24 27 28 
3 24 28 25 
3 32 29 30 
3 32 30 31 
3 36 33 34 
3 36 34 35 
3 33 32 31 
3 33 31 34 
3 29 37 38 
3 29 38 30 
3 40 36 35 
3 40 35 39 
3 37 41 42 
3 37 42 38 
3 44 40 39 
3 44 39 43 
3 41 45 46 
3 41 46 42 
3 50 47 48 
3 50 48 49 
3 54 51 52 
3 54 52 53 
3 58 55 56 
3 58 56 57 
3 55 50 49 
3 55 49 56 
3 62 59 60 
3 62 60 61 
3 66 63 64 
3 66 64 65 
3 63 62 61 
3 63 61 64 
3 59 67 68 
3 59 68 60 
3 72 69 70 
3 72 70 71 
3 74 72 71 
3 74 71 73 
3 76 74 73 
3 76 73 75 
3 613 614 616 
3 613 616 615 
3 749 750 1028 
3 749 1028 1027 
3 750 752 1029 
3 750 1029 1028 
3 752 222 527 
3 752 527 1029 
3 754 749 1027 
3 754 1027 1030 
3 756 754 1030 
3 756 1030 1031 
3 770 771 1033 
3 770 1033 1032 
3 774 770 1032 
3 774 1032 1034 
3 247 774 1034 
3 247 1034 533 
3 771 776 1035 
3 771 1035 1033 
3 776 778 1036 
3 776 1036 1035 
3 778 780 1037 
3 778 1037 1036 
3 780 756 1031 
3 780 1031 1037 
3 618 617 620 
3 618 620 619 
3 622 621 624 
3 622 624 623 
3 621 625 626 
3 621 626 624 
3 625 627 628 
3 625 628 626 
3 627 629 630 
3 627 630 628 
3 629 631 632 
3 629 632 630 
3 631 633 634 
3 631 634 632 
3 633 635 636 
3 633 636 634 
3 635 622 623 
3 635 623 636 
3 623 624 100 
3 623 100 99 
3 637 624 626 
3 636 623 99 
3 636 99 102 
3 626 628 548 
3 626 548 620 
3 628 630 550 
3 628 550 548 
3 630 632 638 
3 630 638 550 
3 637 626 620 
3 637 620 617 
3 639 618 619 
3 639 619 640 
3 607 606 598 
3 607 598 610 
3 612 610 598 
3 612 598 599 
3 614 612 599 
3 614 599 602 
3 616 614 602 
3 616 602 603 
3 563 641 642 
3 563 642 566 
3 643 566 642 
3 643 642 644 
3 645 643 644 
3 645 644 646 
3 647 645 646 
3 647 646 648 
3 649 647 648 
3 649 648 650 
3 651 649 650 
3 651 650 652 
3 653 651 652 
3 653 652 654 
3 655 653 654 
3 655 654 656 
3 657 655 656 
3 657 656 658 
3 660 659 662 
3 660 662 661 
3 663 660 661 
3 663 661 664 
3 665 663 664 
3 665 664 666 
3 667 561 562 
3 667 562 668 
3 670 669 564 
3 670 564 671 
3 672 670 671 
3 672 671 673 
3 674 672 673 
3 674 673 675 
3 676 674 675 
3 676 675 677 
3 678 676 677 
3 678 677 679 
3 680 678 679 
3 680 679 681 
3 682 680 681 
3 682 681 683 
3 684 682 683 
3 684 683 685 
3 687 686 689 
3 687 689 688 
3 690 687 688 
3 690 688 691 
3 692 690 691 
3 692 691 693 
3 694 667 668 
3 694 668 695 
3 697 696 669 
3 697 669 670 
3 698 697 670 
3 698 670 672 
3 699 698 672 
3 699 672 674 
3 700 699 674 
3 700 674 676 
3 701 700 676 
3 701 676 678 
3 702 701 678 
3 702 678 680 
3 703 702 680 
3 703 680 682 
3 704 703 682 
3 704 682 684 
3 706 705 686 
3 706 686 687 
3 707 706 687 
3 707 687 690 
3 708 707 690 
3 708 690 692 
3 569 572 710 
3 569 710 709 
3 572 573 711 
3 572 711 710 
3 568 569 709 
3 568 709 712 
3 573 577 713 
3 573 713 711 
3 576 568 712 
3 576 712 714 
3 577 581 715 
3 577 715 713 
3 580 576 714 
3 580 714 716 
3 586 587 718 
3 586 718 717 
3 584 580 716 
3 584 716 719 
3 587 594 720 
3 587 720 718 
3 594 595 721 
3 594 721 720 
3 590 591 723 
3 590 723 722 
3 550 638 724 
3 550 724 549 
3 726 725 632 
3 546 547 728 
3 546 728 727 
3 729 725 726 
3 729 726 730 
3 728 729 730 
3 728 730 727 
3 548 546 619 
3 548 619 620 
3 619 546 731 
3 619 731 640 
3 632 634 733 
3 632 733 732 
3 634 636 734 
3 634 734 733 
3 636 102 200 
3 636 200 734 
3 726 632 732 
3 726 732 735 
3 730 726 735 
3 730 735 736 
3 737 203 206 
3 737 206 738 
3 739 737 738 
3 739 738 740 
3 741 739 740 
3 741 740 742 
3 743 741 742 
3 743 742 744 
3 745 743 744 
3 745 744 746 
3 748 747 750 
3 748 750 749 
3 747 751 752 
3 747 752 750 
3 751 221 222 
3 751 222 752 
3 753 748 749 
3 753 749 754 
3 755 753 754 
3 755 754 756 
3 622 635 758 
3 622 758 757 
3 635 633 759 
3 635 759 758 
3 633 631 760 
3 633 760 759 
3 631 629 761 
3 631 761 760 
3 629 627 762 
3 629 762 761 
3 627 625 763 
3 627 763 762 
3 625 621 764 
3 625 764 763 
3 621 622 757 
3 621 757 764 
3 766 765 743 
3 766 743 745 
3 765 767 741 
3 765 741 743 
3 767 768 739 
3 767 739 741 
3 768 769 737 
3 768 737 739 
3 769 240 203 
3 769 203 737 
3 771 770 773 
3 771 773 772 
3 770 774 775 
3 770 775 773 
3 774 247 248 
3 774 248 775 
3 776 771 772 
3 776 772 777 
3 778 776 777 
3 778 777 779 
3 778 779 781 
3 778 781 780 
3 783 782 785 
3 783 785 784 
3 782 786 787 
3 782 787 785 
3 786 261 262 
3 786 262 787 
3 788 783 784 
3 788 784 789 
3 790 788 789 
3 790 789 791 
3 790 791 793 
3 790 793 792 
3 795 794 797 
3 795 797 796 
3 797 794 799 
3 797 799 798 
3 801 800 727 
3 801 727 802 
3 640 731 616 
3 640 616 603 
3 604 639 640 
3 604 640 603 
3 616 731 800 
3 616 800 615 
3 730 803 802 
3 730 802 727 
3 798 799 801 
3 798 801 802 
3 659 657 658 
3 659 658 662 
3 686 684 685 
3 686 685 689 
3 705 704 684 
3 705 684 686 
3 581 582 585 
3 581 585 586 
3 581 586 717 
3 581 717 715 
3 736 804 803 
3 736 803 730 
3 725 638 632 
3 724 638 725 
3 724 725 729 
3 549 724 729 
3 549 729 728 
3 728 547 549 
3 262 280 805 
3 262 805 787 
3 787 805 806 
3 787 806 785 
3 785 806 560 
3 785 560 784 
3 734 200 240 
3 734 240 769 
3 733 734 769 
3 733 769 768 
3 732 733 768 
3 732 768 767 
3 735 732 767 
3 735 767 765 
3 736 735 765 
3 736 765 766 
3 793 791 808 
3 793 808 807 
3 791 789 556 
3 791 556 808 
3 789 784 560 
3 789 560 556 
3 286 285 810 
3 286 810 809 
3 809 810 812 
3 809 812 811 
3 811 812 558 
3 811 558 559 
3 556 557 813 
3 556 813 808 
3 813 814 807 
3 813 807 808 
3 816 815 818 
3 816 818 817 
3 820 819 816 
3 820 816 817 
3 822 821 819 
3 822 819 820 
3 824 823 821 
3 824 821 822 
3 826 825 823 
3 826 823 824 
3 306 305 825 
3 306 825 826 
3 828 827 815 
3 828 815 816 
3 819 829 828 
3 819 828 816 
3 821 830 829 
3 821 829 819 
3 823 831 830 
3 823 830 821 
3 825 832 831 
3 825 831 823 
3 305 313 832 
3 305 832 825 
3 736 766 833 
3 736 833 804 
3 798 834 835 
3 798 835 797 
3 836 796 797 
3 836 797 835 
3 838 837 839 
3 838 839 608 
3 841 840 837 
3 841 837 838 
3 843 842 840 
3 843 840 841 
3 795 796 845 
3 795 845 844 
3 608 839 846 
3 608 846 607 
3 605 606 847 
3 607 846 847 
3 607 847 606 
3 849 848 851 
3 849 851 850 
3 853 852 848 
3 853 848 849 
3 855 854 852 
3 855 852 853 
3 850 851 857 
3 850 857 856 
3 856 857 859 
3 856 859 858 
3 861 860 863 
3 861 863 862 
3 864 855 853 
3 864 853 865 
3 865 853 849 
3 865 849 866 
3 866 849 850 
3 866 850 867 
3 867 850 856 
3 867 856 868 
3 868 856 858 
3 868 858 869 
3 871 870 873 
3 871 873 872 
3 872 873 875 
3 872 875 874 
3 877 876 860 
3 877 860 861 
3 829 878 879 
3 829 879 828 
3 828 879 880 
3 828 880 827 
3 836 881 882 
3 836 882 796 
3 796 882 883 
3 796 883 845 
3 842 884 885 
3 842 885 840 
3 840 885 886 
3 840 886 837 
3 837 886 887 
3 837 887 839 
3 839 887 888 
3 839 888 846 
3 846 888 889 
3 846 889 847 
3 595 890 891 
3 595 891 721 
3 596 892 890 
3 596 890 595 
3 893 708 692 
3 893 692 894 
3 693 894 692 
3 845 842 843 
3 845 843 844 
3 883 884 842 
3 883 842 845 
3 863 855 864 
3 863 864 862 
3 780 781 755 
3 780 755 756 
3 793 745 746 
3 793 746 792 
3 745 793 807 
3 745 807 766 
3 814 833 766 
3 814 766 807 
3 815 835 834 
3 815 834 818 
3 827 836 835 
3 827 835 815 
3 880 881 836 
3 880 836 827 
3 875 876 877 
3 875 877 874 
3 738 206 221 
3 738 221 751 
3 740 738 751 
3 740 751 747 
3 742 740 747 
3 742 747 748 
3 744 742 748 
3 744 748 753 
3 746 744 753 
3 746 753 755 
3 781 792 746 
3 781 746 755 
3 779 790 792 
3 779 792 781 
3 777 788 790 
3 777 790 779 
3 772 783 788 
3 772 788 777 
3 773 782 783 
3 773 783 772 
3 775 786 782 
3 775 782 773 
3 248 261 786 
3 248 786 775 
3 691 663 665 
3 691 665 693 
3 688 660 663 
3 688 663 691 
3 689 659 660 
3 689 660 688 
3 685 657 659 
3 685 659 689 
3 683 655 657 
3 683 657 685 
3 681 653 655 
3 681 655 683 
3 679 651 653 
3 679 653 681 
3 677 649 651 
3 677 651 679 
3 675 647 649 
3 675 649 677 
3 675 673 895 
3 671 896 895 
3 671 895 673 
3 564 565 896 
3 564 896 671 
3 860 897 898 
3 860 898 863 
3 875 899 900 
3 875 900 876 
3 876 900 897 
3 876 897 860 
3 902 901 904 
3 902 904 903 
3 903 904 906 
3 903 906 905 
3 908 907 910 
3 908 910 909 
3 909 910 912 
3 909 912 911 
3 911 912 914 
3 911 914 913 
3 897 915 916 
3 897 916 898 
3 898 916 917 
3 898 917 901 
3 899 918 919 
3 899 919 900 
3 914 920 918 
3 914 918 899 
3 900 919 915 
3 900 915 897 
3 901 917 921 
3 901 921 904 
3 904 921 922 
3 904 922 906 
3 907 923 924 
3 907 924 910 
3 910 924 925 
3 910 925 912 
3 912 925 920 
3 912 920 914 
3 915 553 554 
3 915 554 916 
3 916 554 926 
3 916 926 917 
3 918 927 928 
3 918 928 919 
3 920 929 927 
3 920 927 918 
3 919 928 553 
3 919 553 915 
3 917 926 930 
3 917 930 921 
3 921 930 931 
3 921 931 922 
3 923 932 933 
3 923 933 924 
3 924 933 934 
3 924 934 925 
3 925 934 929 
3 925 929 920 
3 926 935 936 
3 926 936 930 
3 930 936 937 
3 930 937 931 
3 933 932 938 
3 935 926 554 
3 555 939 940 
3 555 940 552 
3 942 941 944 
3 942 944 943 
3 943 944 946 
3 943 946 945 
3 948 947 950 
3 948 950 949 
3 945 946 947 
3 945 947 948 
3 931 937 938 
3 931 938 932 
3 922 931 932 
3 922 932 923 
3 906 922 923 
3 906 923 907 
3 905 906 907 
3 905 907 908 
3 952 951 954 
3 952 954 953 
3 950 951 952 
3 950 952 949 
3 954 927 929 
3 954 929 953 
3 942 551 552 
3 942 552 941 
3 928 955 956 
3 928 956 553 
3 939 950 947 
3 939 947 940 
3 958 957 960 
3 958 960 959 
3 962 961 957 
3 962 957 958 
3 964 963 966 
3 964 966 965 
3 968 967 970 
3 968 970 969 
3 967 963 964 
3 967 964 970 
3 969 970 972 
3 969 972 971 
3 970 964 973 
3 970 973 972 
3 972 973 974 
3 972 974 971 
3 954 964 965 
3 954 965 927 
3 927 965 966 
3 927 966 928 
3 928 966 963 
3 928 963 955 
3 553 968 969 
3 553 969 555 
3 956 967 968 
3 956 968 553 
3 955 963 967 
3 955 967 956 
3 555 969 971 
3 555 971 939 
3 951 973 964 
3 951 964 954 
3 939 971 974 
3 939 974 950 
3 950 974 973 
3 950 973 951 
3 940 958 959 
3 940 959 552 
3 552 959 960 
3 552 960 941 
3 941 960 957 
3 941 957 944 
3 947 962 958 
3 947 958 940 
3 944 957 961 
3 944 961 946 
3 946 961 962 
3 946 962 947 
3 935 554 551 
3 935 551 942 
3 935 942 943 
3 935 943 936 
3 936 943 945 
3 936 945 937 
3 937 945 948 
3 937 948 938 
3 938 948 949 
3 938 949 933 
3 952 934 933 
3 952 933 949 
3 934 952 953 
3 934 953 929 
3 913 914 899 
3 901 902 898 
3 888 868 869 
3 888 869 889 
3 887 867 868 
3 887 868 888 
3 886 866 867 
3 886 867 887 
3 885 865 866 
3 885 866 886 
3 884 864 865 
3 884 865 885 
3 862 864 884 
3 862 884 883 
3 882 861 862 
3 882 862 883 
3 881 877 861 
3 881 861 882 
3 874 877 881 
3 874 881 880 
3 879 872 874 
3 879 874 880 
3 878 871 872 
3 878 872 879 
3 870 899 875 
3 870 875 873 
3 313 456 975 
3 313 975 832 
3 832 975 976 
3 832 976 831 
3 456 459 977 
3 456 977 975 
3 975 977 978 
3 975 978 976 
3 976 829 830 
3 976 830 831 
3 978 878 829 
3 978 829 976 
3 905 979 980 
3 905 980 903 
3 911 981 982 
3 911 982 909 
3 908 983 979 
3 908 979 905 
3 903 980 984 
3 903 984 902 
3 913 985 981 
3 913 981 911 
3 909 982 983 
3 909 983 908 
3 902 984 898 
3 913 899 985 
3 985 899 870 
3 980 986 987 
3 980 987 984 
3 979 986 980 
3 986 854 987 
3 987 863 898 
3 987 898 984 
3 854 855 863 
3 854 863 987 
3 981 985 870 
3 804 798 802 
3 804 802 803 
3 833 834 798 
3 833 798 804 
3 818 834 833 
3 818 833 814 
3 817 818 814 
3 817 814 813 
3 557 820 817 
3 557 817 813 
3 558 822 820 
3 558 820 557 
3 812 824 822 
3 812 822 558 
3 810 826 824 
3 810 824 812 
3 285 306 826 
3 285 826 810 
3 988 590 722 
3 988 722 989 
3 589 590 988 
3 589 988 990 
3 694 991 992 
3 694 992 667 
3 667 992 693 
3 667 693 561 
3 561 693 665 
3 561 665 563 
3 563 665 666 
3 563 666 641 
3 890 988 989 
3 890 989 891 
3 892 990 988 
3 892 988 890 
3 991 893 894 
3 991 894 992 
3 693 992 894 
3 895 645 647 
3 895 647 675 
3 896 643 645 
3 896 645 895 
3 565 566 643 
3 565 643 896 
3 709 710 711 
3 709 711 712 
3 280 286 809 
3 280 809 805 
3 805 809 811 
3 805 811 806 
3 806 811 559 
3 806 559 560 
3 591 584 719 
3 591 719 723 
3 592 583 584 
3 592 584 591 
3 668 669 696 
3 668 696 695 
3 562 564 669 
3 562 669 668 
3 991 694 994 
3 991 994 993 
3 893 991 993 
3 893 993 995 
3 708 893 995 
3 708 995 996 
3 997 707 708 
3 997 708 996 
3 998 706 707 
3 998 707 997 
3 999 705 706 
3 999 706 998 
3 1000 704 705 
3 1000 705 999 
3 1001 703 704 
3 1001 704 1000 
3 1002 702 703 
3 1002 703 1001 
3 1003 701 702 
3 1003 702 1002 
3 1004 700 701 
3 1004 701 1003 
3 1005 699 700 
3 1005 700 1004 
3 1006 698 699 
3 1006 699 1005 
3 1007 697 698 
3 1007 698 1006 
3 1008 696 697 
3 1008 697 1007 
3 695 696 1008 
3 695 1008 1009 
3 994 694 695 
3 994 695 1009 
3 1010 994 1009 
3 1010 1009 1011 
3 1008 1012 1011 
3 1008 1011 1009 
3 1012 1008 1007 
3 1012 1007 1013 
3 1013 1007 1006 
3 1013 1006 1014 
3 1014 1006 1005 
3 1014 1005 1015 
3 1015 1005 1004 
3 1015 1004 1016 
3 1016 1004 1003 
3 1016 1003 1017 
3 1017 1003 1002 
3 1017 1002 1018 
3 1018 1002 1001 
3 1018 1001 1019 
3 1019 1001 1000 
3 1019 1000 1020 
3 1020 1000 999 
3 1020 999 1021 
3 1021 999 998 
3 1021 998 1022 
3 1022 998 997 
3 1022 997 1023 
3 1023 997 996 
3 1023 996 1024 
3 995 1025 1024 
3 995 1024 996 
3 993 1026 1025 
3 993 1025 995 
3 994 1010 1026 
3 994 1026 993 
3 1025 1026 990 
3 1025 990 892 
3 1024 1025 892 
3 1024 892 596 
3 593 1023 1024 
3 593 1024 596 
3 588 1022 1023 
3 588 1023 593 
3 585 1021 1022 
3 585 1022 588 
3 582 1020 1021 
3 582 1021 585 
3 578 1019 1020 
3 578 1020 582 
3 574 1018 1019 
3 574 1019 578 
3 571 1017 1018 
3 571 1018 574 
3 570 1016 1017 
3 570 1017 571 
3 567 1015 1016 
3 567 1016 570 
3 575 1014 1015 
3 575 1015 567 
3 579 1013 1014 
3 579 1014 575 
3 583 1012 1013 
3 583 1013 579 
3 1011 1012 583 
3 1011 583 592 
3 589 1010 1011 
3 589 1011 592 
3 1026 1010 589 
3 1026 589 990 
3 644 642 841 
3 644 841 838 
3 641 843 841 
3 641 841 642 
3 666 844 843 
3 666 843 641 
3 664 795 844 
3 664 844 666 
3 661 794 795 
3 661 795 664 
3 662 799 794 
3 662 794 661 
3 658 801 799 
3 658 799 662 
3 656 800 801 
3 656 801 658 
3 654 615 800 
3 654 800 656 
3 652 613 615 
3 652 615 654 
3 650 611 613 
3 650 613 652 
3 648 609 611 
3 648 611 650 
3 646 608 609 
3 646 609 648 
3 644 838 608 
3 644 608 646 
3 757 540 538 
3 757 538 764 
3 764 538 539 
3 764 539 763 
3 763 539 541 
3 763 541 762 
3 762 541 542 
3 762 542 761 
3 761 542 545 
3 761 545 760 
3 760 545 543 
3 760 543 759 
3 759 543 544 
3 759 544 758 
3 758 544 540 
3 758 540 757 
3 624 637 510 
3 624 510 100 
3 510 637 617 
3 510 617 511 
3 512 511 617 
3 512 617 618 
3 513 512 618 
3 513 618 639 
3 514 513 639 
3 514 639 604 
3 601 515 514 
3 601 514 604 
3 600 516 515 
3 600 515 601 
3 597 517 516 
3 597 516 600 
3 605 518 517 
3 605 517 597 
3 847 519 518 
3 847 518 605 
3 889 520 519 
3 889 519 847 
3 869 521 520 
3 869 520 889 
3 858 522 521 
3 858 521 869 
3 859 523 522 
3 859 522 858 
3 546 727 800 
3 546 800 731 
3 711 713 714 
3 711 714 712 
3 713 715 716 
3 713 716 714 
3 715 717 719 
3 715 719 716 
3 717 718 723 
3 717 723 719 
3 720 722 723 
3 720 723 718 
3 721 891 720 
3 891 989 722 
3 891 722 720 
3 539 538 540 
3 541 539 540 
3 542 541 543 
3 543 541 544 
3 544 541 540 
3 545 542 543 
3 547 546 548 
3 549 547 548 
3 550 549 548 
3 552 551 553 
3 553 551 554 
3 555 552 553 
3 557 556 558 
3 558 556 559 
3 559 556 560 
3 562 561 563 
3 564 562 565 
3 565 562 566 
3 566 562 563 
3 568 567 570 
3 568 570 569 
3 572 571 574 
3 572 574 573 
3 569 570 571 
3 569 571 572 
3 576 575 567 
3 576 567 568 
3 573 574 578 
3 573 578 577 
3 580 579 575 
3 580 575 576 
3 577 578 582 
3 577 582 581 
3 584 583 579 
3 584 579 580 
3 586 585 588 
3 586 588 587 
3 590 589 592 
3 590 592 591 
3 594 593 596 
3 594 596 595 
3 587 588 593 
3 587 593 594 
3 598 597 600 
3 598 600 599 
3 602 601 604 
3 602 604 603 
3 599 600 601 
3 599 601 602 
3 606 605 597 
3 606 597 598 
3 608 607 610 
3 608 610 609 
3 609 610 612 
3 609 612 611 
3 611 612 614 
3 611 614 613 
